Kerman et al. (2017) Figure 3 on a simulated panel
  20 geos, pretest 40, intervention 8, cooldown 4, rho 0.5, c 0.25, seed 4
  fit: alpha 42800.1384  beta 1.082987  s^2 56913007.7316  df 38
  cumulative effect at the final horizon: 204617.84  [154381.83, 254853.85]  (90%)

     t     observed  counterfact         phi   phi lower   phi upper   cumulative
     0     139726.4     148589.6     -8863.2    -21741.7      4015.3             
     1     150230.9     150173.6        57.3    -12820.2     12934.7             
     2     164992.4     159760.2      5232.2     -7802.1     18266.5             
     3     147579.6     152486.9     -4907.3    -17797.1      7982.5             
     4     170575.8     162315.6      8260.1     -4862.3     21382.5             
     5     126580.3     136455.8     -9875.6    -23013.9      3262.7             
     6     151022.9     141595.4      9427.5     -3546.9     22401.9             
     7     141234.1     139348.0      1886.1    -11150.4     14922.6             
     8     160612.0     162463.5     -1851.6    -14979.6     11276.5             
     9     121646.2     134402.4    -12756.2    -25981.4       469.1             
    10     148705.8     141939.5      6766.4     -6199.9     19732.6             
    11     152886.4     162156.1     -9269.7    -22386.1      3846.7             
    12     126897.5     135402.0     -8504.5    -21686.0      4676.9             
    13     168654.2     156394.0     12260.2      -687.4     25207.8             
    14     151232.4     150829.3       403.1    -12476.2     13282.4             
    15     146749.7     160515.0    -13765.3    -26823.6      -707.0             
    16     158583.8     158690.1      -106.2    -13109.3     12896.8             
    17     140123.8     137319.7      2804.1    -10301.2     15909.5             
    18     132338.8     138558.5     -6219.7    -19281.5      6842.2             
    19     145521.8     145578.9       -57.1    -12958.7     12844.4             
    20     166837.7     166109.7       728.0    -12560.0     14016.0             
    21     169280.5     153111.7     16168.8      3272.9     29064.7             
    22     140990.7     141443.9      -453.2    -13431.3     12524.9             
    23     136384.2     143718.2     -7334.0    -20263.6      5595.6             
    24     145172.9     145206.2       -33.4    -12939.7     12873.0             
    25     152772.2     145283.7      7488.5     -5416.9     20393.8             
    26     156714.3     143529.9     13184.4       251.3     26117.4             
    27     152428.8     143638.9      8789.9     -4141.2     21720.9             
    28     170899.4     166356.9      4542.5     -8757.7     17842.6             
    29     137967.9     140059.0     -2091.1    -15106.4     10924.1             
    30     151834.5     150370.7      1463.8    -11414.1     14341.7             
    31     164508.8     159877.6      4631.2     -8406.7     17669.1             
    32     139046.2     145834.3     -6788.1    -19686.6      6110.5             
    33     143285.5     146692.0     -3406.4    -16296.3      9483.4             
    34     148817.1     154209.9     -5392.8    -18302.4      7516.8             
    35     156605.1     168900.1    -12295.0    -25730.4      1140.4             
    36     137374.3     127995.2      9379.2     -4192.7     22951.0             
    37     169510.3     166233.0      3277.3    -10016.8     16571.3             
    38     146210.0     149267.1     -3057.1    -15934.2      9820.0             
    39     151081.4     150804.3       277.1    -12602.1     13156.4             
    40     171696.0     148180.7     23515.2     10635.2     36395.2      23515.2
    41     164740.3     154999.0      9741.3     -3180.3     22663.0      33256.6
    42     174057.5     160718.3     13339.2       274.2     26404.3      46595.8
    43     162028.4     151373.3     10655.1     -2226.7     23537.0      57250.9
    44     163376.3     151947.0     11429.3     -1456.1     24314.8      68680.3
    45     171697.4     149733.1     21964.3      9087.3     34841.3      90644.6
    46     154051.4     138605.8     15445.7      2385.4     28506.0     106090.3
    47     190340.3     158198.0     32142.4     19152.5     45132.2     138232.7
    48     143583.0     139822.6      3760.5     -9261.7     16782.6     141993.1
    49     144319.6     134604.0      9715.6     -3500.6     22931.8     151708.7
    50     199816.0     163376.2     36439.8     23275.2     49604.3     188148.5
    51     160605.2     144135.8     16469.4      3546.9     29391.8     204617.8
