Kerman et al. (2017) section 5.2 -- 2000 replications per cell, 20 geos, four test points, true iROAS 2.0

   rho     c   T0   cov90   cov50  iROAS med
   0.0  0.15   10   0.896   0.495     1.9902
   0.0  0.15   20   0.911   0.512     2.0015
   0.0  0.15   30   0.893   0.503     1.9773
   0.0  0.15   40   0.895   0.533     1.9946
   0.0  0.25   10   0.895   0.504     1.9761
   0.0  0.25   20   0.904   0.491     1.9924
   0.0  0.25   30   0.903   0.489     2.0220
   0.0  0.25   40   0.890   0.492     1.9894
   0.0   0.5   10   0.900   0.504     2.0277
   0.0   0.5   20   0.904   0.488     2.0078
   0.0   0.5   30   0.896   0.493     1.9649
   0.0   0.5   40   0.895   0.492     1.9892
   0.5  0.15   10   0.889   0.505     1.9912
   0.5  0.15   20   0.899   0.510     1.9945
   0.5  0.15   30   0.896   0.491     1.9950
   0.5  0.15   40   0.898   0.506     1.9958
   0.5  0.25   10   0.898   0.482     1.9961
   0.5  0.25   20   0.888   0.501     2.0028
   0.5  0.25   30   0.898   0.497     2.0009
   0.5  0.25   40   0.891   0.511     1.9990
   0.5   0.5   10   0.907   0.508     1.9574
   0.5   0.5   20   0.912   0.505     2.0493
   0.5   0.5   30   0.906   0.523     1.9876
   0.5   0.5   40   0.912   0.507     1.9775
   0.8  0.15   10   0.899   0.497     1.9968
   0.8  0.15   20   0.891   0.501     2.0165
   0.8  0.15   30   0.900   0.516     1.9994
   0.8  0.15   40   0.897   0.512     2.0037
   0.8  0.25   10   0.898   0.504     1.9883
   0.8  0.25   20   0.905   0.527     1.9951
   0.8  0.25   30   0.905   0.505     1.9894
   0.8  0.25   40   0.890   0.489     1.9881
   0.8   0.5   10   0.895   0.493     1.9971
   0.8   0.5   20   0.908   0.489     1.9668
   0.8   0.5   30   0.904   0.503     1.9961
   0.8   0.5   40   0.907   0.499     1.9802

  coverage 90%: mean 0.8996  min 0.888  max 0.912   (nominal 0.90)
  coverage 50%: mean 0.5024  min 0.482  max 0.533   (nominal 0.50)

  squared bias / MSE: mean 0.0391%  sd 0.0431%   (paper: 0.04%, sd 0.06%)
  the Monte Carlo floor for 2000 replications is 0.0500%; see the README on what this statistic measures.
